       N       E                     dE             d eps       ncg     rms          rms(c)
DAV:   1    -0.216940941169E+02   -0.21694E+02   -0.14164E-04  7512   0.109E-01
DAV:   2    -0.216940944653E+02   -0.34841E-06   -0.34818E-06  6848   0.101E-02
DAV:   3    -0.216940944692E+02   -0.39126E-08   -0.36736E-08  5696   0.126E-03
   1 F= -.21694094E+02 E0= -.21694094E+02  d E =-.182357E-10  mag=    -0.0000
