       N       E                     dE             d eps       ncg     rms          rms(c)
DAV:   1    -0.216989783155E+02   -0.21699E+02   -0.11805E-04  7456   0.103E-01
DAV:   2    -0.216989786136E+02   -0.29810E-06   -0.29787E-06  7000   0.941E-03
DAV:   3    -0.216989786168E+02   -0.32799E-08   -0.30526E-08  5648   0.117E-03
   1 F= -.21698979E+02 E0= -.21698979E+02  d E =-.512822E-11  mag=    -0.0000
