       N       E                     dE             d eps       ncg     rms          rms(c)
DAV:   1    -0.217075822344E+02   -0.21708E+02   -0.12966E-04  7464   0.106E-01
DAV:   2    -0.217075825574E+02   -0.32301E-06   -0.32277E-06  6888   0.976E-03
DAV:   3    -0.217075825610E+02   -0.35743E-08   -0.33466E-08  5656   0.122E-03
   1 F= -.21707583E+02 E0= -.21707583E+02  d E =-.368666E-11  mag=    -0.0000
